#' Advent of Code 2021 solutions
#' @export

aoc_solutions <- list(

  day01a = 1226,
  day01b = 1252,

  day02a = 1383564,
  day02b = 1488311643,

  day03a = 3148794,
  day03b = 2795310,

  day04a = 12796,
  day04b = 18063,

  day05a = 6841,
  day05b = 19258,

  day06a = 396210,
  day06b = 1770823541496,

  day07a = 340987,
  day07b = 96987874,

  day08a = NA,
  day08b = NA,

  day09a = NA,
  day09b = NA,

  day10a = NA,
  day10b = NA,

  day11a = NA,
  day11b = NA,

  day12a = NA,
  day12b = NA,

  day13a = NA,
  day13b = NA,

  day14a = NA,
  day14b = NA,

  day15a = NA,
  day15b = NA,

  day16a = NA,
  day16b = NA,

  day17a = NA,
  day17b = NA,

  day18a = NA,
  day18b = NA,

  day19a = NA,
  day19b = NA,

  day20a = NA,
  day20b = NA,

  day21a = NA,
  day21b = NA,

  day22a = NA,
  day22b = NA,

  day23a = NA,
  day23b = NA,

  day24a = NA,
  day24b = NA,

  day25a = NA,
  day25b = NA

)
